0
532
616
1490
1628
1979
2035
1715
1664
794
656
-430
-602
-1491
-1632
-1983
-2038
-1718
-1667
-797
-660
426
599
1488
1628
1979
2035
1715
1664
794
656
-430
-602
-1491
-1632
-1983
-2038
-1718
-1667
-797
-660
426
599
1488
1628
1979
2035
1715
1664
794
657
-429
-602
-1491
-1632
-1983
-2038
-1718
-1667
-797
-660
426
599
1488
1628
1979
2035
1715
1664
794
656
-430
-602
-1491
-1632
-1983
-2038
-1718
-1667
-797
-660
426
599
1488
1628
1979
2035
1715
1664
794
656
-430
-602
-1491
-1631
-1982
-2038
-1718
-1668
-798
-660
426
599
1488
1628
1979
2035
1715
1664
794
656
-430
-602
-1491
-1632
-1983
-2039
-1719
-1668
-798
-660
426
598
1487
1628
1979
2035
1715
1664
794
656
-430
-602
-1491
-1631
-1982
-2038
-1718
-1668
-798
-660
426
599
1488
1628
1979
2035
1715
1664
794
657
-429
-602
-1491
-1632
-1983
-2039
-1719
-1667
-797
-660
426
598
1487
1628
1979
2035
1715
1664
794
656
-430
-602
-1491
-1631
-1982
-2038
-1718
-1667
-797
-660
426
599
1488
1628
1979
2035
1715
1664
794
657
-429
-602
-1491
-1631
-1982
-2039
-1719
-1667
-797
-660
