
0
532
574
1440
1508
1848
1874
1550
1524
658
590
-484
-570
-1446
-1514
-1854
-1880
-1554
-1530
-666
-596
480
564
1438
1508
1848
1874
1550
1524
658
590
-484
-570
-1446
-1514
-1854
-1880
-1554
-1530
-666
-596
480
564
1438
1508
1848
1874
1550
1524
658
590
-484
-570
-1446
-1514
-1854
-1880
-1554
-1530
-666
-596
480
564
1438
1508
1848
1874
1550
1524
658
590
-484
-570
-1446
-1514
-1854
-1880
-1554
-1530
-666
-596
480
564
1438
1508
1848
1874
1550
1524
658
590
-484
-568
-1444
-1514
-1854
-1880
-1554
-1530
-666
-598
478
564
1438
1508
1848
1874
1550
1524
658
590
-484
-570
-1446
-1514
-1854
-1882
-1556
-1530
-666
-596
480
564
1438
1508
1848
1874
1550
1526
660
590
-484
-568
-1444
-1514
-1854
-1880
-1554
-1530
-666
-596
480
564
1438
1508
1848
1874
1550
1524
658
590
-484
-570
-1446
-1514
-1854
-1882
-1556
-1530
-666
-596
480
564
1438
1508
1848
1874
1550
1526
660
590
-484
-570
-1446
-1514
-1854
-1880
-1554
-1530
-666
-596
480
564
1438
1508
1848
1874
1550
1526
660
590
-484
-570
-1446
-1514
-1854
-1882
-1556
-1530
-666
-598
