0
532
616
1491
1630
1981
2036
1715
1664
795
658
-429
-602
-1491
-1632
-1983
-2038
-1717
-1666
-797
-660
427
600
1489
1630
1981
2036
1715
1664
795
658
-429
-602
-1491
-1632
-1983
-2038
-1717
-1666
-797
-660
427
600
1489
1630
1981
2036
1716
1665
795
658
-428
-601
-1491
-1632
-1983
-2038
-1717
-1666
-797
-660
427
600
1489
1630
1981
2036
1716
1665
795
658
-429
-602
-1491
-1632
-1983
-2038
-1717
-1666
-797
-660
427
600
1489
1630
1981
2036
1715
1664
795
658
-429
-602
-1490
-1630
-1981
-2037
-1717
-1666
-797
-660
426
599
1489
1629
1979
2035
1715
1664
795
658
-429
-602
-1491
-1632
-1983
-2038
-1718
-1667
-797
-660
427
600
1488
1628
1979
2035
1716
1665
795
658
-429
-602
-1490
-1630
-1981
-2037
-1717
-1666
-797
-660
427
600
1489
1630
1981
2036
1715
1664
795
658
-428
-601
-1491
-1632
-1983
-2038
-1718
-1667
-797
-660
427
600
1488
1628
1979
2035
1716
1665
795
658
-429
-602
-1491
-1631
-1981
-2037
-1717
-1666
-797
-660
427
600
1489
1629
1979
2035
1715
1664
795
658
-428
-601
-1491
-1631
-1981
-2037
-1718
-1667
-797
-660
