0
532
574
1438
1506
1840
1866
1540
1514
650
582
-488
-574
-1442
-1510
-1844
-1870
-1544
-1518
-654
-586
484
570
1438
1506
1840
1866
1540
1514
650
582
-488
-574
-1442
-1510
-1844
-1870
-1544
-1518
-654
-586
484
570
1438
1506
1840
1866
1540
1514
650
582
-488
-574
-1442
-1510
-1844
-1870
-1544
-1518
-654
-586
484
570
1438
1506
1840
1866
1540
1514
650
582
-488
-574
-1442
-1510
-1844
-1870
-1544
-1518
-654
-586
484
570
1438
1506
1840
1866
1540
1514
650
582
-488
-572
-1440
-1510
-1844
-1870
-1544
-1518
-654
-586
484
570
1438
1506
1840
1866
1540
1514
650
582
-488
-574
-1442
-1510
-1844
-1870
-1544
-1518
-654
-586
484
568
1436
1506
1840
1866
1540
1514
650
582
-488
-572
-1440
-1510
-1844
-1870
-1544
-1518
-654
-586
484
570
1438
1506
1840
1866
1540
1514
650
582
-488
-574
-1442
-1510
-1844
-1870
-1544
-1518
-654
-586
484
568
1436
1506
1840
1866
1540
1514
650
582
-488
-574
-1442
-1510
-1844
-1870
-1544
-1518
-654
-586
484
570
1438
1506
1840
1866
1540
1514
650
582
-488
-574
-1442
-1510
-1844
-1870
-1544
-1518
-654
-586
